afraid 0.0 0.05921052631578947 0.17763157894736842 0.07894736842105263 0.6447368421052632 0.0 0.019736842105263157 0.0 0.019736842105263157 4.830374627689075
angry 0.0058823529411764705 0.07647058823529412 0.12941176470588237 0.15294117647058825 0.5764705882352941 0.0 0.0058823529411764705 0.0 0.052941176470588235 3.321403037794522
annoyed 0.03225806451612903 0.14516129032258066 0.06989247311827956 0.08602150537634409 0.6236559139784946 0.005376344086021506 0.016129032258064516 0.0 0.021505376344086023 1.624898964983499
anticipating 0.012987012987012988 0.34415584415584416 0.37662337662337664 0.0 0.12337662337662338 0.0 0.03896103896103896 0.0 0.1038961038961039 3.189840915778491
anxious 0.0 0.11464968152866242 0.35668789808917195 0.03821656050955414 0.37579617834394907 0.0 0.025477707006369428 0.006369426751592357 0.08280254777070063 3.816236451918461
apprehensive 0.0 0.1917808219178082 0.23972602739726026 0.0273972602739726 0.4383561643835616 0.0 0.02054794520547945 0.0136986301369863 0.0684931506849315 3.3762926552390886
ashamed 0.0 0.0948905109489051 0.10218978102189781 0.072992700729927 0.6496350364963503 0.0 0.043795620437956206 0.0 0.0364963503649635 5.380622090440967
caring 0.018292682926829267 0.3902439024390244 0.16463414634146342 0.054878048780487805 0.27439024390243905 0.0 0.006097560975609756 0.03048780487804878 0.06097560975609756 1.338770959528533
confident 0.019230769230769232 0.46794871794871795 0.26282051282051283 0.01282051282051282 0.14102564102564102 0.0 0.019230769230769232 0.01282051282051282 0.0641025641025641 1.2775044692002664
content 0.018518518518518517 0.5925925925925926 0.1419753086419753 0.012345679012345678 0.12345679012345678 0.0 0.024691358024691357 0.012345679012345678 0.07407407407407407 1.1718390612618381
devastated 0.0 0.08571428571428572 0.04285714285714286 0.06428571428571428 0.7928571428571428 0.0 0.007142857142857143 0.0 0.007142857142857143 4.492007150764763
disappointed 0.005988023952095809 0.19760479041916168 0.15568862275449102 0.029940119760479042 0.47904191616766467 0.0 0.041916167664670656 0.017964071856287425 0.0718562874251497 2.5692776534807193
disgusted 0.005747126436781609 0.08620689655172414 0.19540229885057472 0.08045977011494253 0.5632183908045977 0.0 0.017241379310344827 0.0 0.05172413793103448 2.4068138811037665
embarrassed 0.024390243902439025 0.1402439024390244 0.1951219512195122 0.07926829268292683 0.4878048780487805 0.0 0.054878048780487805 0.0 0.018292682926829267 2.2690931093726707
excited 0.005376344086021506 0.543010752688172 0.24193548387096775 0.010752688172043012 0.0967741935483871 0.0 0.06451612903225806 0.0 0.03763440860215054 1.9343186179290779
faithful 0.009708737864077669 0.4174757281553398 0.1650485436893204 0.02912621359223301 0.22330097087378642 0.0 0.02912621359223301 0.009708737864077669 0.11650485436893204 1.124583139945691
furious 0.0070921985815602835 0.07801418439716312 0.11347517730496454 0.12056737588652482 0.6028368794326241 0.0 0.05673758865248227 0.0070921985815602835 0.014184397163120567 1.801856444752794
grateful 0.014778325123152709 0.5024630541871922 0.20689655172413793 0.03940886699507389 0.1330049261083744 0.0 0.024630541871921183 0.024630541871921183 0.054187192118226604 1.2831324553104153
guilty 0.0072992700729927005 0.17518248175182483 0.10218978102189781 0.06569343065693431 0.5547445255474452 0.0 0.043795620437956206 0.0072992700729927005 0.043795620437956206 1.8114742168002356
hopeful 0.012121212121212121 0.41818181818181815 0.3939393939393939 0.01818181818181818 0.07272727272727272 0.0 0.030303030303030304 0.006060606060606061 0.048484848484848485 1.331231997955164
impressed 0.01818181818181818 0.503030303030303 0.14545454545454545 0.01818181818181818 0.15151515151515152 0.0 0.024242424242424242 0.006060606060606061 0.13333333333333333 1.6797825884102593
jealous 0.0 0.23076923076923078 0.11834319526627218 0.0650887573964497 0.46745562130177515 0.0 0.029585798816568046 0.01775147928994083 0.07100591715976332 4.468582685303604
joyful 0.011834319526627219 0.5739644970414202 0.15384615384615385 0.005917159763313609 0.14201183431952663 0.0 0.03550295857988166 0.005917159763313609 0.07100591715976332 1.1735100138328467
lonely 0.012422360248447204 0.18633540372670807 0.08695652173913043 0.024844720496894408 0.6521739130434783 0.0 0.006211180124223602 0.0 0.031055900621118012 2.865517050724675
nostalgic 0.05660377358490566 0.48427672955974843 0.031446540880503145 0.006289308176100629 0.20754716981132076 0.0 0.031446540880503145 0.018867924528301886 0.16352201257861634 1.2184644157538602
prepared 0.0 0.3821656050955414 0.4140127388535032 0.03821656050955414 0.08917197452229299 0.0 0.03184713375796178 0.012738853503184714 0.03184713375796178 3.538995718000601
proud 0.005 0.64 0.185 0.005 0.035 0.0 0.03 0.005 0.095 1.052108730689148
sad 0.0111731843575419 0.0893854748603352 0.07262569832402235 0.0335195530726257 0.7541899441340782 0.0 0.00558659217877095 0.0111731843575419 0.0223463687150838 1.948634690184046
sentimental 0.037037037037037035 0.2751322751322751 0.021164021164021163 0.021164021164021163 0.4497354497354497 0.0 0.031746031746031744 0.026455026455026454 0.13756613756613756 1.1483675428583568
surprised 0.011278195488721804 0.46616541353383456 0.13909774436090225 0.02631578947368421 0.20676691729323307 0.0 0.06766917293233082 0.022556390977443608 0.06015037593984962 1.3026366228194046
terrified 0.006993006993006993 0.1258741258741259 0.16083916083916083 0.07692307692307693 0.5594405594405595 0.0 0.027972027972027972 0.006993006993006993 0.03496503496503497 2.428576843600707
trusting 0.007462686567164179 0.291044776119403 0.26865671641791045 0.05970149253731343 0.26119402985074625 0.0 0.029850746268656716 0.014925373134328358 0.06716417910447761 1.7362006028794164
