afraid 0.07236842105263158 0.32894736842105265 0.02631578947368421 0.21710526315789475 0.11842105263157894 0.0 0.02631578947368421 0.013157894736842105 0.19736842105263158 1.4652616001288743
angry 0.041176470588235294 0.38235294117647056 0.023529411764705882 0.25882352941176473 0.10588235294117647 0.023529411764705882 0.1 0.011764705882352941 0.052941176470588235 0.49020281093147294
annoyed 0.10215053763440861 0.34946236559139787 0.05913978494623656 0.17204301075268819 0.053763440860215055 0.010752688172043012 0.06451612903225806 0.005376344086021506 0.1827956989247312 0.34878123676864525
anticipating 0.006493506493506494 0.2597402597402597 0.2857142857142857 0.05194805194805195 0.032467532467532464 0.0 0.08441558441558442 0.006493506493506494 0.2727272727272727 1.0649938891492767
anxious 0.03184713375796178 0.1592356687898089 0.19745222929936307 0.11464968152866242 0.06369426751592357 0.0 0.05732484076433121 0.0 0.37579617834394907 3.0827693643141636
apprehensive 0.00684931506849315 0.23972602739726026 0.15753424657534246 0.0958904109589041 0.0547945205479452 0.00684931506849315 0.03424657534246575 0.0 0.4041095890410959 2.2250517433240247
ashamed 0.058394160583941604 0.16058394160583941 0.0364963503649635 0.29927007299270075 0.10948905109489052 0.014598540145985401 0.10948905109489052 0.0072992700729927005 0.20437956204379562 0.5207507508405353
caring 0.036585365853658534 0.4268292682926829 0.13414634146341464 0.06097560975609756 0.0975609756097561 0.0 0.10365853658536585 0.0 0.1402439024390244 0.8200976355846104
confident 0.019230769230769232 0.4423076923076923 0.27564102564102566 0.038461538461538464 0.01282051282051282 0.00641025641025641 0.04487179487179487 0.03205128205128205 0.1282051282051282 0.6075428405990336
content 0.06172839506172839 0.42592592592592593 0.08641975308641975 0.037037037037037035 0.024691358024691357 0.0 0.05555555555555555 0.030864197530864196 0.2777777777777778 0.7553795936931871
devastated 0.02857142857142857 0.1357142857142857 0.02142857142857143 0.19285714285714287 0.45714285714285713 0.0 0.05714285714285714 0.0 0.10714285714285714 1.3435878369594405
disappointed 0.029940119760479042 0.2994011976047904 0.0658682634730539 0.1497005988023952 0.18562874251497005 0.005988023952095809 0.05389221556886228 0.005988023952095809 0.20359281437125748 0.660416933126195
disgusted 0.040229885057471264 0.47126436781609193 0.028735632183908046 0.10919540229885058 0.08045977011494253 0.0 0.09195402298850575 0.0 0.1781609195402299 1.1148425942361337
embarrassed 0.018292682926829267 0.25609756097560976 0.06097560975609756 0.2926829268292683 0.06707317073170732 0.0 0.16463414634146342 0.012195121951219513 0.12804878048780488 1.1384423875945595
excited 0.005376344086021506 0.3817204301075269 0.3118279569892473 0.026881720430107527 0.016129032258064516 0.0 0.08064516129032258 0.010752688172043012 0.16666666666666666 0.6099605996860147
faithful 0.08737864077669903 0.3786407766990291 0.13592233009708737 0.0970873786407767 0.038834951456310676 0.0 0.02912621359223301 0.04854368932038835 0.18446601941747573 0.8118223706662979
furious 0.07092198581560284 0.3333333333333333 0.02127659574468085 0.3333333333333333 0.05673758865248227 0.014184397163120567 0.12056737588652482 0.0 0.04964539007092199 0.7249906375134596
grateful 0.03940886699507389 0.4187192118226601 0.1330049261083744 0.2019704433497537 0.024630541871921183 0.0 0.054187192118226604 0.009852216748768473 0.11822660098522167 1.000815852376641
guilty 0.13138686131386862 0.19708029197080293 0.0364963503649635 0.1897810218978102 0.043795620437956206 0.08759124087591241 0.15328467153284672 0.029197080291970802 0.13138686131386862 0.25190649241122215
hopeful 0.01818181818181818 0.2606060606060606 0.3939393939393939 0.06060606060606061 0.01818181818181818 0.0 0.048484848484848485 0.006060606060606061 0.19393939393939394 0.9594977689730505
impressed 0.05454545454545454 0.5151515151515151 0.15151515151515152 0.03636363636363636 0.006060606060606061 0.006060606060606061 0.05454545454545454 0.012121212121212121 0.16363636363636364 0.4991155968041554
jealous 0.01775147928994083 0.378698224852071 0.05917159763313609 0.1834319526627219 0.04142011834319527 0.0 0.08284023668639054 0.011834319526627219 0.22485207100591717 1.4141154431080438
joyful 0.05325443786982249 0.4970414201183432 0.15976331360946747 0.04142011834319527 0.029585798816568046 0.005917159763313609 0.03550295857988166 0.011834319526627219 0.16568047337278108 0.6912153923295049
lonely 0.043478260869565216 0.16770186335403728 0.08074534161490683 0.13043478260869565 0.32919254658385094 0.024844720496894408 0.037267080745341616 0.0 0.18633540372670807 0.784423784533147
nostalgic 0.11949685534591195 0.389937106918239 0.05660377358490566 0.06918238993710692 0.018867924528301886 0.012578616352201259 0.1069182389937107 0.0 0.22641509433962265 0.6848437847478727
prepared 0.012738853503184714 0.42038216560509556 0.2229299363057325 0.08280254777070063 0.025477707006369428 0.006369426751592357 0.044585987261146494 0.01910828025477707 0.16560509554140126 0.8280411120437258
proud 0.015 0.57 0.18 0.065 0.005 0.005 0.02 0.0 0.14 3.0936768656769496
sad 0.05027932960893855 0.1564245810055866 0.0670391061452514 0.12849162011173185 0.4134078212290503 0.0 0.0223463687150838 0.0 0.16201117318435754 1.544991210535372
sentimental 0.0582010582010582 0.3492063492063492 0.042328042328042326 0.1111111111111111 0.12698412698412698 0.005291005291005291 0.12698412698412698 0.005291005291005291 0.1746031746031746 0.17108300888612038
surprised 0.022556390977443608 0.424812030075188 0.12406015037593984 0.09774436090225563 0.03759398496240601 0.007518796992481203 0.13533834586466165 0.0 0.15037593984962405 1.0291310001974305
terrified 0.055944055944055944 0.43356643356643354 0.02097902097902098 0.14685314685314685 0.1048951048951049 0.0 0.027972027972027972 0.0 0.2097902097902098 1.8256972205928523
trusting 0.05223880597014925 0.373134328358209 0.09701492537313433 0.1791044776119403 0.04477611940298507 0.0 0.07462686567164178 0.0 0.1791044776119403 1.4233369285141053
