afraid 0.08552631578947369 0.19078947368421054 0.05921052631578947 0.019736842105263157 0.21710526315789475 0.0 0.40789473684210525 0.019736842105263157 0.0 4.987856088715165
angry 0.041176470588235294 0.24705882352941178 0.029411764705882353 0.0058823529411764705 0.2 0.0 0.3764705882352941 0.1 0.0 4.942955607041628
annoyed 0.0913978494623656 0.24731182795698925 0.021505376344086023 0.016129032258064516 0.1935483870967742 0.0 0.34408602150537637 0.08602150537634409 0.0 5.356319953643145
anticipating 0.032467532467532464 0.23376623376623376 0.5 0.0 0.045454545454545456 0.0 0.18181818181818182 0.006493506493506494 0.0 3.5341220503339983
anxious 0.0440251572327044 0.12578616352201258 0.34591194968553457 0.03773584905660377 0.16981132075471697 0.0 0.2138364779874214 0.06289308176100629 0.0 3.1801412670278246
apprehensive 0.00684931506849315 0.21232876712328766 0.3219178082191781 0.02054794520547945 0.136986301369863 0.0 0.2465753424657534 0.04794520547945205 0.00684931506849315 0.9059865135160952
ashamed 0.029197080291970802 0.19708029197080293 0.021897810218978103 0.029197080291970802 0.2846715328467153 0.0 0.36496350364963503 0.072992700729927 0.0 5.241384790323378
caring 0.024390243902439025 0.3170731707317073 0.07317073170731707 0.024390243902439025 0.2621951219512195 0.0 0.17073170731707318 0.12804878048780488 0.0 3.1915640785372164
confident 0.04487179487179487 0.28205128205128205 0.391025641025641 0.0 0.03205128205128205 0.0 0.21794871794871795 0.01282051282051282 0.019230769230769232 1.217405782652108
content 0.12345679012345678 0.36419753086419754 0.15432098765432098 0.012345679012345678 0.06790123456790123 0.0 0.19753086419753085 0.08024691358024691 0.0 3.2188496489820824
devastated 0.014285714285714285 0.07857142857142857 0.02142857142857143 0.02142857142857143 0.7 0.0 0.15 0.014285714285714285 0.0 3.4116185775819887
disappointed 0.06060606060606061 0.28484848484848485 0.09090909090909091 0.0 0.24848484848484848 0.0 0.2606060606060606 0.05454545454545454 0.0 6.986201973376325
disgusted 0.06818181818181818 0.3068181818181818 0.017045454545454544 0.028409090909090908 0.13636363636363635 0.0 0.42613636363636365 0.017045454545454544 0.0 3.7426017475818627
embarrassed 0.042682926829268296 0.1951219512195122 0.018292682926829267 0.036585365853658534 0.17073170731707318 0.0 0.4573170731707317 0.07317073170731707 0.006097560975609756 1.4055243717320858
excited 0.016129032258064516 0.22580645161290322 0.4731182795698925 0.0 0.03763440860215054 0.0 0.23118279569892472 0.010752688172043012 0.005376344086021506 0.8984473617192286
faithful 0.05825242718446602 0.32038834951456313 0.0970873786407767 0.0 0.17475728155339806 0.0 0.20388349514563106 0.14563106796116504 0.0 4.276176234387213
furious 0.03546099290780142 0.19148936170212766 0.02127659574468085 0.02127659574468085 0.1702127659574468 0.0 0.41843971631205673 0.14184397163120568 0.0 4.957000119020062
grateful 0.019704433497536946 0.46798029556650245 0.10837438423645321 0.009852216748768473 0.09852216748768473 0.0 0.18719211822660098 0.10837438423645321 0.0 2.626064756918523
guilty 0.0364963503649635 0.18248175182481752 0.0072992700729927005 0.021897810218978103 0.24817518248175183 0.0 0.3722627737226277 0.12408759124087591 0.0072992700729927005 1.0403031575060202
hopeful 0.03592814371257485 0.25149700598802394 0.4251497005988024 0.0 0.05389221556886228 0.0 0.16766467065868262 0.0658682634730539 0.0 5.014222734882315
impressed 0.06060606060606061 0.4121212121212121 0.12727272727272726 0.0 0.006060606060606061 0.0 0.3151515151515151 0.07272727272727272 0.006060606060606061 1.8737395776028694
jealous 0.08875739644970414 0.28994082840236685 0.05917159763313609 0.0 0.10650887573964497 0.0 0.27218934911242604 0.1834319526627219 0.0 5.411666239128069
joyful 0.023668639053254437 0.42011834319526625 0.2958579881656805 0.0 0.047337278106508875 0.0 0.17751479289940827 0.03550295857988166 0.0 3.738267064108557
lonely 0.024844720496894408 0.12422360248447205 0.13043478260869565 0.006211180124223602 0.4906832298136646 0.0 0.15527950310559005 0.06832298136645963 0.0 4.9293177148950384
nostalgic 0.22641509433962265 0.3018867924528302 0.1320754716981132 0.0 0.0880503144654088 0.0 0.22012578616352202 0.031446540880503145 0.0 4.348935699779123
prepared 0.03821656050955414 0.33121019108280253 0.28662420382165604 0.006369426751592357 0.05732484076433121 0.0 0.24203821656050956 0.03821656050955414 0.0 3.590389755165452
proud 0.025 0.505 0.19 0.0 0.015 0.0 0.215 0.05 0.0 3.2103099780560225
sad 0.0446927374301676 0.11173184357541899 0.03910614525139665 0.0 0.6256983240223464 0.0 0.1340782122905028 0.0446927374301676 0.0 4.569841690472704
sentimental 0.1111111111111111 0.291005291005291 0.05291005291005291 0.0 0.30687830687830686 0.0 0.1693121693121693 0.06878306878306878 0.0 4.3017120942604485
surprised 0.03007518796992481 0.40225563909774437 0.20300751879699247 0.0 0.07518796992481203 0.0 0.2556390977443609 0.03007518796992481 0.0037593984962406013 1.7126311003230241
terrified 0.06293706293706294 0.2097902097902098 0.09090909090909091 0.03496503496503497 0.16783216783216784 0.0 0.3916083916083916 0.027972027972027972 0.013986013986013986 1.1401515160153677
trusting 0.022388059701492536 0.30597014925373134 0.1417910447761194 0.014925373134328358 0.1417910447761194 0.0 0.22388059701492538 0.1417910447761194 0.007462686567164179 1.1999825119560745
